My LMS
125, 123, 120, 117, 115, 113, 111, 109, 107, 104, 101, 99, 97, 95, 93, 91, 88, 85, 83, 81, 78, 76, 73, 70, 68, 66, 63, 
60, 57, 54, 52, 50, 44, 41, 38, 36, 34, 30, 28, 25, 22, 20, 18, 14, 12, 9, 6, 4, 2,

My LMS
125, 123, 120, 117, 115, 113, 111, 109, 107, 104, 101, 99, 97, 95, 93, 91, 88, 85, 83, 81, 78, 76, 73, 70, 68, 66, 63, 
60, 57, 54, 52, 50, 44, 41, 38, 36, 34, 30, 28, 25, 22, 20, 18, 14, 12, 9, 6, 4, 2,

REFERENCE: After LMS Placement
128, 9, 25, -1, 41, 57, 73, 85, 95, 101, 111, 117, -1, -1, -1, 12, 28, 44, 60, 76, 2, 18, 34, 50, 66, 120, -1, -1, -1, 
-1, -1, -1, -1, -1, -1, -1, 63, -1, -1, -1, -1, -1, -1, -1, -1, -1, -1, -1, 81, 97, 113, -1, -1, -1, -1, -1, -1, -1, 14, 
30, 78, 4, 20, 36, 52, 68, 88, 91, 104, 107, 123, 83, 99, 115, 70, 6, 22, 38, 54, 93, 109, 125, -1, -1, -1, -1, -1, -1, 
-1, -1, -1, -1, -1, -1, -1, -1, -1, -1, -1, -1, -1, -1, -1, -1, -1, -1, -1, -1, -1, -1, -1, -1, -1, -1, -1, -1, -1, -1, 
-1, -1, -1, -1, -1, -1, -1, -1, -1, -1, -1,

My LMS Placement
128, 9, 25, -1, 41, 57, 73, 85, 95, 101, 111, 117, -1, -1, -1, 12, 28, 44, 60, 76, 2, 18, 34, 50, 66, 120, -1, -1, -1, 
-1, -1, -1, -1, -1, -1, -1, 63, -1, -1, -1, -1, -1, -1, -1, -1, -1, -1, -1, 81, 97, 113, -1, -1, -1, -1, -1, -1, -1, 14, 
30, 78, 4, 20, 36, 52, 68, 88, 91, 104, 107, 123, 83, 99, 115, 70, 6, 22, 38, 54, 93, 109, 125, -1, -1, -1, -1, -1, -1, 
-1, -1, -1, -1, -1, -1, -1, -1, -1, -1, -1, -1, -1, -1, -1, -1, -1, -1, -1, -1, -1, -1, -1, -1, -1, -1, -1, -1, -1, -1, 
-1, -1, -1, -1, -1, -1, -1, -1, -1, -1, -1,

REFERENCE: After L induce
128, 9, 25, 127, 41, 57, 73, 85, 95, 101, 111, 117, -1, -1, -1, 12, 28, 44, 60, 76, 2, 18, 34, 50, 66, 120, 11, 27, 43, 
59, 75, 1, 17, 33, 49, 65, 63, 10, 26, 42, 58, 74, 119, 0, 16, 32, 48, 64, 81, 97, 113, 80, 96, 112, 47, -1, 62, 46, 14, 
30, 78, 4, 20, 36, 52, 68, 88, 91, 104, 107, 123, 83, 99, 115, 70, 6, 22, 38, 54, 93, 109, 125, 61, 45, 13, 29, 77, 3, 
19, 35, 51, 67, 90, 106, 122, 126, 40, 56, 72, 94, 110, 87, 103, 8, 24, 15, 69, 5, 21, 37, 53, 92, 108, 124, 89, 105, 31, 
82, 98, 114, 79, 39, 55, 7, 23, 71, 84, 100, 116,

128, 9, 25, 127, 41, 57, 73, 85, 95, 101, 111, 117, -1, -1, -1, 12, 28, 44, 60, 76, 2, 18, 34, 50, 66, 120, 11, 27, 43, 
59, 75, 1, 17, 33, 49, 65, 63, 10, 26, 42, 58, 74, 119, 0, 16, 32, 48, 64, 81, 97, 113, 80, 96, 112, 47, -1, 62, 46, 14, 
30, 78, 4, 20, 36, 52, 68, 88, 91, 104, 107, 123, 83, 99, 115, 70, 6, 22, 38, 54, 93, 109, 125, 61, 45, 13, 29, 77, 3, 
19, 35, 51, 67, 90, 106, 122, 126, 40, 56, 72, 94, 110, 87, 103, 8, 24, 15, 5, 21, 37, 53, 92, 108, 124, 89, 105, -1, 31, 
82, 98, 114, 79, 39, 55, 7, 23, 71, 84, 100, 116,

REFERENCE: After S induce
128, 9, 25, 127, 117, 85, 101, 41, 57, 73, 95, 111, 118, 86, 102, 60, 44, 12, 28, 76, 2, 18, 34, 50, 66, 120, 11, 27, 43, 
59, 75, 1, 17, 33, 49, 65, 63, 10, 26, 42, 58, 74, 119, 0, 16, 32, 48, 64, 81, 97, 113, 80, 96, 112, 47, 121, 62, 46, 14, 
30, 78, 68, 4, 20, 36, 52, 91, 107, 123, 88, 104, 83, 99, 115, 70, 125, 93, 109, 38, 54, 6, 22, 61, 45, 13, 29, 77, 3, 
19, 35, 51, 67, 90, 106, 122, 126, 40, 56, 72, 94, 110, 87, 103, 8, 24, 15, 69, 5, 21, 37, 53, 92, 108, 124, 89, 105, 31, 
82, 98, 114, 79, 39, 55, 7, 23, 71, 84, 100, 116,

Time for sorting all the LMS-substrings: 0.023 secondsREFERENCE: After LMS Packing
128, 9, 25, 117, 85, 101, 41, 57, 73, 95, 111, 60, 44, 12, 28, 76, 2, 18, 34, 50, 66, 120, 63, 81, 97, 113, 14, 30, 78, 
68, 4, 20, 36, 52, 91, 107, 123, 88, 104, 83, 99, 115, 70, 125, 93, 109, 38, 54, 6, 22, -1, -1, -1, -1, -1, -1, -1, -1, 
-1, -1, -1, -1, -1, -1, -1, -1, -1, -1, -1, -1, -1, -1, -1, -1, -1, -1, -1, -1, -1, -1, -1, -1, -1, -1, -1, -1, -1, -1, 
-1, -1, -1, -1, -1, -1, -1, -1, -1, -1, -1, -1, -1, -1, -1, -1, -1, -1, -1, -1, -1, -1, -1, -1, -1, -1, -1, -1, -1, -1, 
-1, -1, -1, -1, -1, -1, -1, -1, -1, -1, -1,
REFERENCE: S1 Is Ready
128, 9, 25, 117, 85, 101, 41, 57, 73, 95, 111, 60, 44, 12, 28, 76, 2, 18, 34, 50, 66, 120, 63, 81, 97, 113, 14, 30, 78, 
68, 4, 20, 36, 52, 91, 107, 123, 88, 104, 83, 99, 115, 70, 125, 93, 109, 38, 54, 6, 22, -1, 9, 17, 24, 1, -1, 8, 13, -1, 
9, 17, 24, 1, -1, 8, 14, -1, 9, 17, 23, 4, -1, 7, -1, -1, 9, 17, 23, 4, 9, 17, 24, 1, 8, 13, 9, 17, 24, 1, 8, 14, 9, 17, 
23, 4, 7, 9, 17, 23, 4, 6, 11, 9, 16, 20, 4, 8, 15, 12, 19, 3, 18, 17, 22, 5, 12, 19, 3, 18, 17, 22, 5, 12, 19, 2, 10, 
17, 21, 0,